800	0.1426	5.2888
775	0.143	5.09
751.52	0.1459	4.9081
729.41	0.148	4.74
708.57	0.1443	4.5863
688.89	0.14	4.44
670.27	0.1401	4.2931
652.63	0.14	4.15
635.9	0.1361	4.0106
620	0.131	3.88
604.88	0.1255	3.7663
590.48	0.121	3.66
576.74	0.1193	3.5538
563.64	0.12	3.45
551.11	0.1244	3.3481
539.13	0.129	3.25
527.66	0.1301	3.1594
516.67	0.13	3.07
506.12	0.1299	2.9738
496	0.13	2.88
486.27	0.1303	2.7981
476.92	0.132	2.72
467.92	0.1373	2.64
459.26	0.144	2.56
450.91	0.1511	2.4788
442.86	0.157	2.4
435.09	0.1585	2.3294
427.59	0.16	2.26
420.34	0.1667	2.1863
413.33	0.173	2.11
406.56	0.1726	2.0294
400	0.173	1.95
393.65	0.182	1.8788
387.5	0.192	1.81
381.54	0.1981	1.735
375.76	0.2	1.67
370.15	0.1921	1.6419
364.71	0.186	1.61
359.42	0.1948	1.5338
354.29	0.209	1.44
349.3	0.2214	1.3453
344.44	0.238	1.24
339.73	0.2533	1.1207
335.14	0.294	0.986
330.67	0.3881	0.8186
326.32	0.526	0.663
322.08	0.7191	0.5544
317.95	0.932	0.504
313.92	1.1421	0.5509
310	1.323	0.647
306.17	1.4325	0.7611
302.44	1.496	0.882
298.8	1.5194	0.9888
295.24	1.519	1.08
291.76	1.5136	1.143
288.37	1.502	1.19
285.06	1.4901	1.2288
281.82	1.476	1.26
278.65	1.4592	1.2881
275.56	1.441	1.31
272.53	1.4223	1.3219
269.57	1.404	1.33
266.67	1.3875	1.3413
263.83	1.372	1.35
261.05	1.3569	1.3513
258.33	1.343	1.35
255.67	1.3311	1.35
253.06	1.32	1.35
250.51	1.3086	1.3506
248	1.298	1.35
245.54	1.2897	1.3456
243.14	1.282	1.34
240.78	1.2734	1.335
238.46	1.265	1.33
236.19	1.2572	1.325
233.96	1.25	1.32
231.78	1.244	1.3147
229.63	1.238	1.31
227.52	1.2307	1.3072
225.45	1.223	1.305
223.42	1.2157	1.3025
221.43	1.208	1.3
219.47	1.1991	1.2975
217.54	1.19	1.295
215.65	1.1819	1.2928
213.79	1.173	1.29
211.97	1.1614	1.2853
210.17	1.149	1.28
208.4	1.1372	1.275
206.67	1.125	1.27
204.96	1.1116	1.2656
203.28	1.098	1.26
201.63	1.0848	1.2513
200	1.072	1.24
198.4	1.0596	1.2256
196.83	1.048	1.21
195.28	1.0375	1.1944
193.75	1.028	1.18
192.25	1.0195	1.1681
190.77	1.012	1.16
189.31	1.0043	1.1494
187.88	0.995	1.13
﻿175.00	0.995	1.13
