306.  0.000 		(see Nils Gendner's thesys, fig.8.9).
310. -0.006		Does not depend on doping?
314. -0.006
318. -0.026
322. -0.026
326. -0.006
330.  0.013
334.  0.051
338.  0.070
342.  0.102
346.  0.173
350.  0.224
354.  0.282
358.  0.326
362.  0.410
366.  0.461
370.  0.538
374.  0.589
378.  0.653
382.  0.691
386.  0.730
390.  0.787
394.  0.819
398.  0.870
402.  0.902
406.  0.941
410.  0.973
414.  0.986
418.  0.992
422.  0.998
426.  0.979
430.  0.986
434.  0.934
438.  0.928
442.  0.909
446.  0.870
450.  0.838
454.  0.794
458.  0.774
462.  0.730
466.  0.704
470.  0.640
474.  0.627
478.  0.589
482.  0.544
486.  0.512
490.  0.467
494.  0.429
498.  0.416
502.  0.390
506.  0.358
510.  0.320
514.  0.288
518.  0.269
522.  0.256
526.  0.243
530.  0.218
534.  0.205
538.  0.192
542.  0.166
546.  0.186
550.  0.154
554.  0.134
558.  0.141
562.  0.109
566.  0.122
570.  0.096
574.  0.077
578.  0.090
582.  0.070
586.  0.070
590.  0.064
594.  0.064
598.  0.064
602.  0.070
606.  0.064
610.  0.058
614.  0.058
618.  0.064
622.  0.045
626.  0.019
630.  0.
