61.992 6.6415e-01 9.2039e-03
64.63 6.2647e-01 1.1074e-02
67.381 5.8276e-01 1.3512e-02
70.249 5.3121e-01 1.6828e-02
73.239 4.6884e-01 2.1649e-02
76.355 3.9013e-01 2.9549e-02
79.605 2.8200e-01 4.6438e-02
82.993 1.1588e-01 1.2841e-01
86.525 5.5295e-02 3.0590e-01
90.208 4.4408e-02 4.3313e-01
94.047 4.0584e-02 5.3919e-01
98.049 3.9232e-02 6.3492e-01
102.22 3.9141e-02 7.2492e-01
106.57 3.9857e-02 8.1159e-01
111.11 4.1181e-02 8.9644e-01
115.84 4.3024e-02 9.8045e-01
120.77 4.5350e-02 1.0643e+00
125.91 4.8158e-02 1.1487e+00
131.27 5.1461e-02 1.2338e+00
136.85 5.5281e-02 1.3202e+00
142.68 5.9640e-02 1.4080e+00
148.75 6.4557e-02 1.4975e+00
155.08 7.0040e-02 1.5890e+00
161.68 7.6091e-02 1.6826e+00
168.56 8.2703e-02 1.7786e+00
175.73 8.9866e-02 1.8771e+00
183.21 9.7571e-02 1.9783e+00
191.01 1.0582e-01 2.0826e+00
199.14 1.1461e-01 2.1901e+00
207.62 1.2398e-01 2.3011e+00
216.45 1.3398e-01 2.4159e+00
225.66 1.4468e-01 2.5347e+00
235.27 1.5617e-01 2.6578e+00
245.28 1.6860e-01 2.7856e+00
255.72 1.8210e-01 2.9182e+00
266.6 1.9687e-01 3.0560e+00
277.95 2.1312e-01 3.1992e+00
289.78 2.3109e-01 3.3482e+00
302.11 2.5107e-01 3.5030e+00
314.97 2.7336e-01 3.6640e+00
328.37 2.9832e-01 3.8313e+00
342.35 3.2634e-01 4.0052e+00
356.92 3.5785e-01 4.1856e+00
372.11 3.9330e-01 4.3726e+00
387.95 4.3317e-01 4.5661e+00
404.46 4.7790e-01 4.7659e+00
421.67 5.2788e-01 4.9717e+00
439.62 5.8336e-01 5.1830e+00
458.33 6.4439e-01 5.3994e+00
477.83 7.1074e-01 5.6203e+00
498.17 7.8186e-01 5.8455e+00
519.37 8.5697e-01 6.0750e+00
541.47 9.3525e-01 6.3099e+00
564.52 1.0162e+00 6.5519e+00
588.55 1.1005e+00 6.8042e+00
613.59 1.1911e+00 7.0711e+00
639.71 1.2952e+00 7.3576e+00
666.93 1.4286e+00 7.6672e+00
695.32 1.6203e+00 7.9931e+00
724.91 1.9115e+00 8.2933e+00
755.76 2.3052e+00 8.4555e+00
787.93 2.6523e+00 8.3611e+00
821.46 2.7061e+00 8.1106e+00
856.42 2.4465e+00 7.9982e+00
892.87 2.0948e+00 8.1553e+00
930.87 1.8089e+00 8.4990e+00
970.49 1.6120e+00 8.9296e+00
1011.8 1.4821e+00 9.3982e+00
1054.9 1.3974e+00 9.8877e+00
1099.7 1.3440e+00 1.0393e+01
1146.5 1.3136e+00 1.0915e+01
1195.3 1.3012e+00 1.1452e+01
1246.2 1.3039e+00 1.2007e+01
1299.3 1.3197e+00 1.2581e+01
1354.6 1.3476e+00 1.3173e+01
1412.2 1.3868e+00 1.3786e+01
1472.3 1.4370e+00 1.4421e+01
1535 1.4979e+00 1.5077e+01
1600.3 1.5694e+00 1.5757e+01
1668.4 1.6518e+00 1.6460e+01
1739.4 1.7451e+00 1.7188e+01
1813.4 1.8497e+00 1.7942e+01
1890.6 1.9659e+00 1.8723e+01
1971.1 2.0942e+00 1.9531e+01
2055 2.2349e+00 2.0367e+01
2142.4 2.3887e+00 2.1233e+01
2233.6 2.5562e+00 2.2128e+01
2328.7 2.7379e+00 2.3054e+01
2427.8 2.9346e+00 2.4012e+01
2531.1 3.1468e+00 2.5002e+01
2638.8 3.3754e+00 2.6025e+01
2751.1 3.6209e+00 2.7082e+01
2868.2 3.8841e+00 2.8173e+01
2990.3 4.1657e+00 2.9300e+01
3117.5 4.4664e+00 3.0463e+01
3250.2 4.7867e+00 3.1662e+01
3388.5 5.1273e+00 3.2898e+01
3532.8 5.4887e+00 3.4172e+01
3683.1 5.8714e+00 3.5484e+01
3839.9 6.2757e+00 3.6836e+01
4003.3 6.7019e+00 3.8228e+01
4173.7 7.1501e+00 3.9660e+01
4351.3 7.6206e+00 4.1135e+01
4536.5 8.1133e+00 4.2652e+01
4729.6 8.6281e+00 4.4214e+01
4930.8 9.1649e+00 4.5821e+01
5140.7 9.7236e+00 4.7476e+01
5359.5 1.0304e+01 4.9180e+01
5587.6 1.0906e+01 5.0936e+01
5825.4 1.1530e+01 5.2747e+01
6073.3 1.2175e+01 5.4615e+01
6331.8 1.2843e+01 5.6545e+01
6601.3 1.3534e+01 5.8539e+01
6882.2 1.4250e+01 6.0601e+01
7175.1 1.4991e+01 6.2736e+01
7480.5 1.5760e+01 6.4948e+01
7798.8 1.6560e+01 6.7242e+01
8130.7 1.7394e+01 6.9620e+01
8476.8 1.8266e+01 7.2089e+01
8837.6 1.9179e+01 7.4651e+01
9213.7 2.0140e+01 7.7311e+01
9605.8 2.1153e+01 8.0072e+01
10015 2.2224e+01 8.2936e+01
10441 2.3359e+01 8.5906e+01
10885 2.4565e+01 8.8985e+01
11348 2.5849e+01 9.2173e+01
11831 2.7217e+01 9.5470e+01
12335 2.8677e+01 9.8878e+01
12860 3.0235e+01 1.0239e+02
13407 3.1898e+01 1.0602e+02
13978 3.3672e+01 1.0975e+02
14573 3.5565e+01 1.1359e+02
15193 3.7582e+01 1.1752e+02
15840 3.9728e+01 1.2156e+02
16514 4.2010e+01 1.2568e+02
17216 4.4432e+01 1.2990e+02
17949 4.6998e+01 1.3420e+02
18713 4.9712e+01 1.3858e+02
19510 5.2578e+01 1.4304e+02
20340 5.5597e+01 1.4757e+02
21206 5.8773e+01 1.5216e+02
22108 6.2105e+01 1.5681e+02
23049 6.5596e+01 1.6151e+02
24030 6.9244e+01 1.6626e+02
25053 7.3050e+01 1.7106e+02
26119 7.7013e+01 1.7589e+02
27230 8.1130e+01 1.8076e+02
28389 8.5400e+01 1.8565e+02
29598 8.9820e+01 1.9058e+02
30857 9.4387e+01 1.9553e+02
32170 9.9098e+01 2.0050e+02
33540 1.0395e+02 2.0549e+02
34967 1.0894e+02 2.1050e+02
36455 1.1406e+02 2.1553e+02
38007 1.1931e+02 2.2057e+02
39624 1.2469e+02 2.2563e+02
41311 1.3018e+02 2.3071e+02
43069 1.3580e+02 2.3582e+02
44902 1.4153e+02 2.4094e+02
46813 1.4737e+02 2.4609e+02
48805 1.5332e+02 2.5127e+02
50882 1.5938e+02 2.5648e+02
53048 1.6554e+02 2.6173e+02
55305 1.7180e+02 2.6701e+02
57659 1.7817e+02 2.7234e+02
60113 1.8463e+02 2.7772e+02
62671 1.9119e+02 2.8315e+02
65339 1.9785e+02 2.8863e+02
68119 2.0461e+02 2.9418e+02
71019 2.1147e+02 2.9980e+02
74041 2.1842e+02 3.0549e+02
77192 2.2547e+02 3.1126e+02
80478 2.3263e+02 3.1711e+02
83903 2.3988e+02 3.2305e+02
87473 2.4724e+02 3.2908e+02
91196 2.5471e+02 3.3521e+02
95078 2.6228e+02 3.4145e+02
99124 2.6996e+02 3.4779e+02
103340 2.7776e+02 3.5425e+02
107740 2.8567e+02 3.6082e+02
112330 2.9370e+02 3.6752e+02
117110 3.0185e+02 3.7434e+02
122090 3.1012e+02 3.8130e+02
127290 3.1852e+02 3.8840e+02
132700 3.2705e+02 3.9564e+02
138350 3.3572e+02 4.0303e+02
144240 3.4453e+02 4.1057e+02
150380 3.5348e+02 4.1826e+02
156780 3.6257e+02 4.2612e+02
163450 3.7182e+02 4.3415e+02
170410 3.8122e+02 4.4234e+02
177660 3.9078e+02 4.5071e+02
185220 4.0050e+02 4.5926e+02
193100 4.1039e+02 4.6800e+02
201320 4.2045e+02 4.7693e+02
209890 4.3068e+02 4.8605e+02
218820 4.4110e+02 4.9537e+02
228140 4.5171e+02 5.0490e+02
237850 4.6250e+02 5.1463e+02
247970 4.7349e+02 5.2458e+02
